{
 "cells": [
  {
   "cell_type": "markdown",
   "id": "d0d78b78",
   "metadata": {},
   "source": [
    "# Q1"
   ]
  },
  {
   "cell_type": "code",
   "execution_count": 1,
   "id": "9f10fd13",
   "metadata": {},
   "outputs": [
    {
     "name": "stdout",
     "output_type": "stream",
     "text": [
      "Period A Mean Vector (a_A):\n",
      "Australian Listed Equity [G]          0.0091\n",
      "Int'l Listed Equity (Hedged) [G]      0.0118\n",
      "Int'l Listed Equity (Unhedged) [G]    0.0152\n",
      "Australian Listed Property [G]        0.0151\n",
      "Int'l Listed Property [G]             0.0115\n",
      "Int'l Listed Infrastructure [G]       0.0105\n",
      "Australian Fixed Income [D]           0.0044\n",
      "Int'l Fixed Income (Hedged) [D]       0.0051\n",
      "Cash [D]                              0.0024\n",
      "dtype: float64\n",
      "\n",
      "Period A Covariance Matrix (B_A):\n",
      "[[ 0.0012  0.0007  0.0003  0.0009  0.0007  0.0005  0.      0.0001  0.    ]\n",
      " [ 0.0007  0.0009  0.0005  0.0003  0.0005  0.0005 -0.      0.      0.    ]\n",
      " [ 0.0003  0.0005  0.0008  0.0001  0.0001  0.0002  0.     -0.      0.    ]\n",
      " [ 0.0009  0.0003  0.0001  0.0011  0.0008  0.0005  0.0001  0.0001  0.    ]\n",
      " [ 0.0007  0.0005  0.0001  0.0008  0.0011  0.0007  0.0001  0.0002  0.    ]\n",
      " [ 0.0005  0.0005  0.0002  0.0005  0.0007  0.0007  0.      0.0001  0.    ]\n",
      " [ 0.     -0.      0.      0.0001  0.0001  0.      0.0001  0.      0.    ]\n",
      " [ 0.0001  0.     -0.      0.0001  0.0002  0.0001  0.      0.0001  0.    ]\n",
      " [ 0.      0.      0.      0.      0.      0.      0.      0.      0.    ]]\n",
      "\n",
      "Period B Mean Vector (a_B):\n",
      "Australian Listed Equity [G]          0.0085\n",
      "Int'l Listed Equity (Hedged) [G]      0.0092\n",
      "Int'l Listed Equity (Unhedged) [G]    0.0099\n",
      "Australian Listed Property [G]        0.0083\n",
      "Int'l Listed Property [G]             0.0064\n",
      "Int'l Listed Infrastructure [G]       0.0102\n",
      "Australian Fixed Income [D]           0.0037\n",
      "Int'l Fixed Income (Hedged) [D]       0.0036\n",
      "Cash [D]                              0.0015\n",
      "dtype: float64\n",
      "\n",
      "Period B Covariance Matrix (B_B):\n",
      "[[ 0.0008  0.0005  0.0005  0.0005  0.0003  0.0002 -0.     -0.      0.    ]\n",
      " [ 0.0005  0.0009  0.0006  0.0002  0.0005  0.0004 -0.0001 -0.0001 -0.    ]\n",
      " [ 0.0005  0.0006  0.0008  0.0003  0.0002  0.0002 -0.     -0.     -0.    ]\n",
      " [ 0.0005  0.0002  0.0003  0.001   0.0006  0.0003  0.0001  0.0001  0.    ]\n",
      " [ 0.0003  0.0005  0.0002  0.0006  0.001   0.0006  0.      0.0001  0.    ]\n",
      " [ 0.0002  0.0004  0.0002  0.0003  0.0006  0.0006  0.      0.0001  0.    ]\n",
      " [-0.     -0.0001 -0.      0.0001  0.      0.      0.0001  0.      0.    ]\n",
      " [-0.     -0.0001 -0.      0.0001  0.0001  0.0001  0.      0.0001  0.    ]\n",
      " [ 0.     -0.     -0.      0.      0.      0.      0.      0.      0.    ]]\n"
     ]
    }
   ],
   "source": [
    "import pandas as pd\n",
    "import numpy as np\n",
    "import matplotlib.pyplot as plt\n",
    "df = pd.read_excel(\"returns.xlsx\",\n",
    "                   sheet_name='Sheet1', index_col='Unnamed: 0')\n",
    "df.head()\n",
    "# Assuming 'df' is your DataFrame\n",
    "# Convert 'DATE' column to datetime\n",
    "df['DATE'] = pd.to_datetime(df['DATE'])\n",
    "\n",
    "# List of asset columns (excluding 'Cash [D]')\n",
    "assets_columns = [\n",
    "    'Australian Listed Equity [G]',\n",
    "    \"Int'l Listed Equity (Hedged) [G]\",\n",
    "    \"Int'l Listed Equity (Unhedged) [G]\",\n",
    "    'Australian Listed Property [G]',\n",
    "    \"Int'l Listed Property [G]\",\n",
    "    \"Int'l Listed Infrastructure [G]\",\n",
    "    'Australian Fixed Income [D]',\n",
    "    \"Int'l Fixed Income (Hedged) [D]\",\n",
    "    \"Cash [D]\"\n",
    "]\n",
    "\n",
    "assets = assets_columns\n",
    "\n",
    "# Compute log-returns\n",
    "for col in assets_columns:\n",
    "    df['log_' + col] = np.log(1 + df[col])\n",
    "\n",
    "# Define time periods\n",
    "# Period A: January 2012 to December 2015\n",
    "start_A = '2012-01-01'\n",
    "end_A = '2015-12-31'\n",
    "df_A = df[(df['DATE'] >= start_A) & (df['DATE'] <= end_A)]\n",
    "\n",
    "# Period B: January 2016 to December 2019\n",
    "start_B = '2016-01-01'\n",
    "end_B = '2019-12-31'\n",
    "df_B = df[(df['DATE'] >= start_B) & (df['DATE'] <= end_B)]\n",
    "\n",
    "# Columns with log-returns\n",
    "log_return_columns = ['log_' + col for col in assets_columns]\n",
    "\n",
    "# Calculate mean vector and covariance matrix for Period A\n",
    "X_A = df_A[log_return_columns]\n",
    "a_A = X_A.mean().values  # Mean vector\n",
    "B_A = X_A.cov().values   # Covariance matrix\n",
    "\n",
    "# Calculate mean vector and covariance matrix for Period B\n",
    "X_B = df_B[log_return_columns]\n",
    "a_B = X_B.mean().values  # Mean vector\n",
    "B_B = X_B.cov().values   # Covariance matrix\n",
    "\n",
    "# Display the results\n",
    "print(\"Period A Mean Vector (a_A):\")\n",
    "print(pd.Series(np.round(a_A,4), index=assets_columns))\n",
    "\n",
    "print(\"\\nPeriod A Covariance Matrix (B_A):\")\n",
    "print(np.round(pd.DataFrame(B_A, index=assets_columns, columns=assets_columns).values,4))\n",
    "\n",
    "print(\"\\nPeriod B Mean Vector (a_B):\")\n",
    "print(pd.Series(np.round(a_B,4), index=assets_columns))\n",
    "\n",
    "print(\"\\nPeriod B Covariance Matrix (B_B):\")\n",
    "print(np.round(pd.DataFrame(B_B, index=assets_columns, columns=assets_columns).values,4))\n"
   ]
  },
  {
   "cell_type": "code",
   "execution_count": 2,
   "id": "ffac1113",
   "metadata": {},
   "outputs": [
    {
     "name": "stdout",
     "output_type": "stream",
     "text": [
      "a_A shape: (9,)\n",
      "B_A shape: (9, 9)\n",
      "a_B shape: (9,)\n",
      "B_B shape: (9, 9)\n"
     ]
    }
   ],
   "source": [
    "print(f\"a_A shape: {a_A.shape}\")\n",
    "print(f\"B_A shape: {B_A.shape}\")\n",
    "print(f\"a_B shape: {a_B.shape}\")\n",
    "print(f\"B_B shape: {B_B.shape}\")"
   ]
  },
  {
   "cell_type": "markdown",
   "id": "a2c3646b",
   "metadata": {},
   "source": [
    "# Q3"
   ]
  },
  {
   "cell_type": "code",
   "execution_count": 3,
   "id": "6f594a85",
   "metadata": {
    "scrolled": false
   },
   "outputs": [
    {
     "name": "stdout",
     "output_type": "stream",
     "text": [
      "\n",
      "Period A, Return 1 Year(s):\n",
      "\n",
      "Expected Returns:\n",
      "Australian Listed Equity [G]          0.124108\n",
      "Int'l Listed Equity (Hedged) [G]      0.157963\n",
      "Int'l Listed Equity (Unhedged) [G]    0.206616\n",
      "Australian Listed Property [G]        0.207008\n",
      "Int'l Listed Property [G]             0.155966\n",
      "Int'l Listed Infrastructure [G]       0.138659\n",
      "Australian Fixed Income [D]           0.055088\n",
      "Int'l Fixed Income (Hedged) [D]       0.063849\n",
      "Cash [D]                              0.029630\n",
      "dtype: float64\n",
      "\n",
      "Covariance Matrix:\n",
      "[[ 0.0184  0.0103  0.0052  0.0143  0.0108  0.0076  0.0002  0.0011  0.    ]\n",
      " [ 0.0103  0.0141  0.0088  0.0055  0.0074  0.0074 -0.0006  0.0002  0.    ]\n",
      " [ 0.0052  0.0088  0.0142  0.0015  0.0024  0.0036  0.0003 -0.0003  0.    ]\n",
      " [ 0.0143  0.0055  0.0015  0.0199  0.0132  0.0083  0.0014  0.0018  0.0001]\n",
      " [ 0.0108  0.0074  0.0024  0.0132  0.0184  0.0113  0.0014  0.0024  0.    ]\n",
      " [ 0.0076  0.0074  0.0036  0.0083  0.0113  0.0107  0.0007  0.0013  0.    ]\n",
      " [ 0.0002 -0.0006  0.0003  0.0014  0.0014  0.0007  0.0008  0.0005  0.    ]\n",
      " [ 0.0011  0.0002 -0.0003  0.0018  0.0024  0.0013  0.0005  0.0007  0.    ]\n",
      " [ 0.      0.      0.      0.0001  0.      0.      0.      0.      0.    ]]\n",
      "\n",
      "Correlation Matrix:\n",
      "[[ 1.      0.6424  0.3191  0.7464  0.5887  0.5387  0.059   0.2832  0.1415]\n",
      " [ 0.6424  1.      0.6243  0.3302  0.4582  0.6021 -0.1841  0.0708  0.0703]\n",
      " [ 0.3191  0.6243  1.      0.088   0.1477  0.2887  0.0791 -0.0946  0.0957]\n",
      " [ 0.7464  0.3302  0.088   1.      0.6886  0.5697  0.3403  0.4755  0.2198]\n",
      " [ 0.5887  0.4582  0.1477  0.6886  1.      0.8033  0.3653  0.6406  0.1137]\n",
      " [ 0.5387  0.6021  0.2887  0.5697  0.8033  1.      0.2392  0.4668  0.11  ]\n",
      " [ 0.059  -0.1841  0.0791  0.3403  0.3653  0.2392  1.      0.6698  0.3411]\n",
      " [ 0.2832  0.0708 -0.0946  0.4755  0.6406  0.4668  0.6698  1.      0.2701]\n",
      " [ 0.1415  0.0703  0.0957  0.2198  0.1137  0.11    0.3411  0.2701  1.    ]]\n",
      "\n",
      "Period A, Return 2 Year(s):\n",
      "\n",
      "Expected Returns:\n",
      "Australian Listed Equity [G]          0.263618\n",
      "Int'l Listed Equity (Hedged) [G]      0.340879\n",
      "Int'l Listed Equity (Unhedged) [G]    0.455921\n",
      "Australian Listed Property [G]        0.456869\n",
      "Int'l Listed Property [G]             0.336257\n",
      "Int'l Listed Infrastructure [G]       0.296544\n",
      "Australian Fixed Income [D]           0.113210\n",
      "Int'l Fixed Income (Hedged) [D]       0.131775\n",
      "Cash [D]                              0.060137\n",
      "dtype: float64\n",
      "\n",
      "Covariance Matrix:\n",
      "[[ 0.0468  0.027   0.014   0.0389  0.0282  0.0194  0.0005  0.0025  0.0001]\n",
      " [ 0.027   0.0379  0.0247  0.0155  0.0198  0.0196 -0.0015  0.0006  0.    ]\n",
      " [ 0.014   0.0247  0.0415  0.0043  0.0067  0.0098  0.0007 -0.0008  0.0001]\n",
      " [ 0.0389  0.0155  0.0043  0.0583  0.0369  0.023   0.0035  0.0047  0.0002]\n",
      " [ 0.0282  0.0198  0.0067  0.0369  0.0495  0.0299  0.0035  0.0059  0.0001]\n",
      " [ 0.0194  0.0196  0.0098  0.023   0.0299  0.028   0.0017  0.0032  0.0001]\n",
      " [ 0.0005 -0.0015  0.0007  0.0035  0.0035  0.0017  0.0019  0.0012  0.    ]\n",
      " [ 0.0025  0.0006 -0.0008  0.0047  0.0059  0.0032  0.0012  0.0017  0.    ]\n",
      " [ 0.0001  0.      0.0001  0.0002  0.0001  0.0001  0.      0.      0.    ]]\n",
      "\n",
      "Correlation Matrix:\n",
      "[[ 1.      0.6409  0.3178  0.7451  0.587   0.5372  0.0588  0.2822  0.141 ]\n",
      " [ 0.6409  1.      0.6231  0.3288  0.4567  0.601  -0.1835  0.0706  0.0701]\n",
      " [ 0.3178  0.6231  1.      0.0876  0.1469  0.2878  0.079  -0.0944  0.0955]\n",
      " [ 0.7451  0.3288  0.0876  1.      0.6872  0.5683  0.3393  0.4742  0.219 ]\n",
      " [ 0.587   0.4567  0.1469  0.6872  1.      0.8023  0.3642  0.6389  0.1133]\n",
      " [ 0.5372  0.601   0.2878  0.5683  0.8023  1.      0.2387  0.466   0.1098]\n",
      " [ 0.0588 -0.1835  0.079   0.3393  0.3642  0.2387  1.      0.6697  0.341 ]\n",
      " [ 0.2822  0.0706 -0.0944  0.4742  0.6389  0.466   0.6697  1.      0.2701]\n",
      " [ 0.141   0.0701  0.0955  0.219   0.1133  0.1098  0.341   0.2701  1.    ]]\n",
      "\n",
      "Period B, Return 1 Year(s):\n",
      "\n",
      "Expected Returns:\n",
      "Australian Listed Equity [G]          0.112020\n",
      "Int'l Listed Equity (Hedged) [G]      0.122220\n",
      "Int'l Listed Equity (Unhedged) [G]    0.130618\n",
      "Australian Listed Property [G]        0.111277\n",
      "Int'l Listed Property [G]             0.085837\n",
      "Int'l Listed Infrastructure [G]       0.133333\n",
      "Australian Fixed Income [D]           0.046199\n",
      "Int'l Fixed Income (Hedged) [D]       0.044571\n",
      "Cash [D]                              0.018108\n",
      "dtype: float64\n",
      "\n",
      "Covariance Matrix:\n",
      "[[ 0.0114  0.0075  0.0075  0.0067  0.0045  0.0027 -0.     -0.0003  0.    ]\n",
      " [ 0.0075  0.0139  0.0092  0.0032  0.0074  0.0061 -0.001  -0.0008 -0.    ]\n",
      " [ 0.0075  0.0092  0.0116  0.0052  0.0032  0.0033 -0.     -0.0006 -0.    ]\n",
      " [ 0.0067  0.0032  0.0052  0.0155  0.0085  0.005   0.0018  0.0018  0.    ]\n",
      " [ 0.0045  0.0074  0.0032  0.0085  0.0139  0.0085  0.0004  0.0011  0.    ]\n",
      " [ 0.0027  0.0061  0.0033  0.005   0.0085  0.0086  0.0003  0.0008  0.    ]\n",
      " [-0.     -0.001  -0.      0.0018  0.0004  0.0003  0.0008  0.0006  0.    ]\n",
      " [-0.0003 -0.0008 -0.0006  0.0018  0.0011  0.0008  0.0006  0.0008  0.    ]\n",
      " [ 0.     -0.     -0.      0.      0.      0.      0.      0.      0.    ]]\n",
      "\n",
      "Correlation Matrix:\n",
      "[[ 1.      0.5936  0.6559  0.5074  0.3594  0.2698 -0.0108 -0.1005  0.0901]\n",
      " [ 0.5936  1.      0.7259  0.2161  0.531   0.5601 -0.2959 -0.2439 -0.0277]\n",
      " [ 0.6559  0.7259  1.      0.3867  0.2524  0.3303 -0.0091 -0.2123 -0.0365]\n",
      " [ 0.5074  0.2161  0.3867  1.      0.5812  0.4304  0.5061  0.5306  0.2112]\n",
      " [ 0.3594  0.531   0.2524  0.5812  1.      0.7797  0.1258  0.3363  0.0741]\n",
      " [ 0.2698  0.5601  0.3303  0.4304  0.7797  1.      0.1078  0.3104  0.1169]\n",
      " [-0.0108 -0.2959 -0.0091  0.5061  0.1258  0.1078  1.      0.763   0.2628]\n",
      " [-0.1005 -0.2439 -0.2123  0.5306  0.3363  0.3104  0.763   1.      0.1761]\n",
      " [ 0.0901 -0.0277 -0.0365  0.2112  0.0741  0.1169  0.2628  0.1761  1.    ]]\n",
      "\n",
      "Period B, Return 2 Year(s):\n",
      "\n",
      "Expected Returns:\n",
      "Australian Listed Equity [G]          0.236589\n",
      "Int'l Listed Equity (Hedged) [G]      0.259378\n",
      "Int'l Listed Equity (Unhedged) [G]    0.278298\n",
      "Australian Listed Property [G]        0.234936\n",
      "Int'l Listed Property [G]             0.179042\n",
      "Int'l Listed Infrastructure [G]       0.284443\n",
      "Australian Fixed Income [D]           0.094532\n",
      "Int'l Fixed Income (Hedged) [D]       0.091129\n",
      "Cash [D]                              0.036544\n",
      "dtype: float64\n",
      "\n",
      "Covariance Matrix:\n",
      "[[ 0.0282  0.0187  0.019   0.0167  0.0109  0.0067 -0.0001 -0.0007  0.    ]\n",
      " [ 0.0187  0.0353  0.0236  0.0079  0.0181  0.0157 -0.0024 -0.0019 -0.    ]\n",
      " [ 0.019   0.0236  0.0299  0.0131  0.0079  0.0085 -0.0001 -0.0015 -0.    ]\n",
      " [ 0.0167  0.0079  0.0131  0.0385  0.0206  0.0126  0.0043  0.0042  0.0001]\n",
      " [ 0.0109  0.0181  0.0079  0.0206  0.0329  0.0211  0.001   0.0025  0.    ]\n",
      " [ 0.0067  0.0157  0.0085  0.0126  0.0211  0.0223  0.0007  0.0019  0.    ]\n",
      " [-0.0001 -0.0024 -0.0001  0.0043  0.001   0.0007  0.0018  0.0013  0.    ]\n",
      " [-0.0007 -0.0019 -0.0015  0.0042  0.0025  0.0019  0.0013  0.0017  0.    ]\n",
      " [ 0.     -0.     -0.      0.0001  0.      0.      0.      0.      0.    ]]\n",
      "\n",
      "Correlation Matrix:\n",
      "[[ 1.      0.5924  0.6549  0.506   0.3582  0.269  -0.0108 -0.1002  0.0899]\n",
      " [ 0.5924  1.      0.7249  0.2151  0.5296  0.559  -0.2949 -0.2431 -0.0276]\n",
      " [ 0.6549  0.7249  1.      0.3854  0.2515  0.3295 -0.009  -0.2117 -0.0364]\n",
      " [ 0.506   0.2151  0.3854  1.      0.5798  0.4292  0.5048  0.5293  0.2105]\n",
      " [ 0.3582  0.5296  0.2515  0.5798  1.      0.7788  0.1254  0.3354  0.0739]\n",
      " [ 0.269   0.559   0.3295  0.4292  0.7788  1.      0.1076  0.3099  0.1167]\n",
      " [-0.0108 -0.2949 -0.009   0.5048  0.1254  0.1076  1.      0.7629  0.2627]\n",
      " [-0.1002 -0.2431 -0.2117  0.5293  0.3354  0.3099  0.7629  1.      0.1761]\n",
      " [ 0.0899 -0.0276 -0.0364  0.2105  0.0739  0.1167  0.2627  0.1761  1.    ]]\n"
     ]
    }
   ],
   "source": [
    "# Function to compute statistics for a given period\n",
    "def compute_statistics(a, B, period_name):\n",
    "    results = {}\n",
    "    for k in [1, 2]:  # Annual and two-year returns\n",
    "        n = k * 12  # Number of months\n",
    "        mu = n * a  # Mean vector scaled by n\n",
    "        sigma2 = n * np.diag(B)  # Variance vector scaled by n\n",
    "        cov_matrix = n * B  # Covariance matrix scaled by n\n",
    "        sigma = np.sqrt(sigma2)  # Standard deviations\n",
    "        \n",
    "        # Expected returns\n",
    "        expected_returns = np.exp(mu + 0.5 * sigma2) - 1\n",
    "        \n",
    "        # Variances\n",
    "        variances = np.exp(2 * mu + 2 * sigma2) - np.exp(2 * mu + sigma2)\n",
    "        \n",
    "        # Prepare to compute covariances and correlations\n",
    "        expected_returns_matrix = np.outer(np.exp(mu + 0.5 * sigma2), np.exp(mu + 0.5 * sigma2))\n",
    "        covariances = np.exp(mu.reshape(-1, 1) + mu + 0.5 * (sigma2.reshape(-1, 1) + sigma2)) * (np.exp(cov_matrix) - 1)\n",
    "        # Alternatively, compute covariances using the formula directly\n",
    "        # covariances = expected_returns_matrix * (np.exp(cov_matrix) - 1)\n",
    "        \n",
    "        # Adjust variances on the diagonal\n",
    "        np.fill_diagonal(covariances, variances)\n",
    "        \n",
    "        # Correlations\n",
    "        std_devs = np.sqrt(np.diag(covariances))\n",
    "        correlation_matrix = covariances / np.outer(std_devs, std_devs)\n",
    "        \n",
    "        # Store results\n",
    "        results[f'Period {period_name}, Return {k} Year(s)'] = {\n",
    "            'Expected Returns': pd.Series(expected_returns, index=assets),\n",
    "            'Covariance Matrix': pd.DataFrame(covariances, index=assets, columns=assets),\n",
    "            'Correlation Matrix': pd.DataFrame(correlation_matrix, index=assets, columns=assets)\n",
    "        }\n",
    "    return results\n",
    "\n",
    "# Compute statistics for Period A\n",
    "stats_A = compute_statistics(a_A, B_A, 'A')\n",
    "\n",
    "# Compute statistics for Period B\n",
    "stats_B = compute_statistics(a_B, B_B, 'B')\n",
    "\n",
    "# Display results\n",
    "for key, value in stats_A.items():\n",
    "    print(f\"\\n{key}:\")\n",
    "    print(\"\\nExpected Returns:\")\n",
    "    print(value['Expected Returns'])\n",
    "    print(\"\\nCovariance Matrix:\")\n",
    "    print(np.round(value['Covariance Matrix'].values,4))\n",
    "    print(\"\\nCorrelation Matrix:\")\n",
    "    print(np.round(value['Correlation Matrix'].values,4))\n",
    "\n",
    "# Similarly for Period B\n",
    "for key, value in stats_B.items():\n",
    "    print(f\"\\n{key}:\")\n",
    "    print(\"\\nExpected Returns:\")\n",
    "    print(value['Expected Returns'])\n",
    "    print(\"\\nCovariance Matrix:\")\n",
    "    print(np.round(value['Covariance Matrix'].values,4))\n",
    "    print(\"\\nCorrelation Matrix:\")\n",
    "    print(np.round(value['Correlation Matrix'].values,4))"
   ]
  },
  {
   "cell_type": "code",
   "execution_count": 4,
   "id": "8f5c9cfa",
   "metadata": {},
   "outputs": [],
   "source": [
    "# Extract data for Period A\n",
    "mu_A = stats_A['Period A, Return 2 Year(s)']['Expected Returns']\n",
    "cov_A = stats_A['Period A, Return 2 Year(s)']['Covariance Matrix']\n",
    "\n",
    "# Extract data for Period B\n",
    "mu_B = stats_B['Period B, Return 2 Year(s)']['Expected Returns']\n",
    "cov_B = stats_B['Period B, Return 2 Year(s)']['Covariance Matrix']\n",
    "\n",
    "# Asset names\n",
    "assets =  [\n",
    "    'Australian Listed Equity [G]',\n",
    "    \"Int'l Listed Equity (Hedged) [G]\",\n",
    "    \"Int'l Listed Equity (Unhedged) [G]\",\n",
    "    'Australian Listed Property [G]',\n",
    "    \"Int'l Listed Property [G]\",\n",
    "    \"Int'l Listed Infrastructure [G]\",\n",
    "    'Australian Fixed Income [D]',\n",
    "    \"Int'l Fixed Income (Hedged) [D]\",\n",
    "    \"Cash [D]\"\n",
    "]\n"
   ]
  },
  {
   "cell_type": "code",
   "execution_count": 5,
   "id": "9991a68b",
   "metadata": {},
   "outputs": [
    {
     "name": "stdout",
     "output_type": "stream",
     "text": [
      "Optimal Weights for Period A:\n",
      "                                Asset     Weight\n",
      "0        Australian Listed Equity [G] -12.700234\n",
      "1    Int'l Listed Equity (Hedged) [G]  -2.074612\n",
      "2  Int'l Listed Equity (Unhedged) [G]  14.231013\n",
      "3      Australian Listed Property [G]  14.632105\n",
      "4           Int'l Listed Property [G]  -1.035065\n",
      "5     Int'l Listed Infrastructure [G]  -0.248101\n",
      "6         Australian Fixed Income [D] -51.378594\n",
      "7     Int'l Fixed Income (Hedged) [D]  39.573486\n",
      "\n",
      "Optimal Weights for Period B:\n",
      "                                Asset     Weight\n",
      "0        Australian Listed Equity [G]   2.425958\n",
      "1    Int'l Listed Equity (Hedged) [G]  -1.198959\n",
      "2  Int'l Listed Equity (Unhedged) [G]   1.329335\n",
      "3      Australian Listed Property [G]   3.625047\n",
      "4           Int'l Listed Property [G]  -9.659130\n",
      "5     Int'l Listed Infrastructure [G]  16.480912\n",
      "6         Australian Fixed Income [D]   0.708738\n",
      "7     Int'l Fixed Income (Hedged) [D] -12.711901\n"
     ]
    }
   ],
   "source": [
    "# optimal portfolio\n",
    "\n",
    "def optport(t):\n",
    "    return alpha+t*beta\n",
    "\n",
    "def optportmean(t):\n",
    "    return (b+d*t)/a\n",
    "\n",
    "def optportvar(t):\n",
    "    return (1+d*t**2)/a\n",
    "\n",
    "r = mu_A[0:8]\n",
    "C = cov_A.iloc[:8, :8]\n",
    "e = np.ones(len(r))\n",
    "a = e @ np.linalg.inv(C) @ e\n",
    "b = r @ np.linalg.inv(C) @ e\n",
    "c = r @ np.linalg.inv(C) @ r\n",
    "d = a*c-b**2\n",
    "\n",
    "# defining vectors\n",
    "\n",
    "alpha = 1/a * np.linalg.inv(C) @ e\n",
    "beta = np.linalg.inv(C) @ r - b/a * np.linalg.inv(C) @ e\n",
    "\n",
    "weights_A = pd.DataFrame({'Asset': assets[0:8], 'Weight': optport(1)})\n",
    "print(\"Optimal Weights for Period A:\")\n",
    "print(weights_A)\n",
    "\n",
    "r = mu_B[0:8]\n",
    "C = cov_B.iloc[:8, :8]\n",
    "e = np.ones(len(r))\n",
    "a = e @ np.linalg.inv(C) @ e\n",
    "b = r @ np.linalg.inv(C) @ e\n",
    "c = r @ np.linalg.inv(C) @ r\n",
    "d = a*c-b**2\n",
    "\n",
    "# defining vectors\n",
    "\n",
    "alpha = 1/a * np.linalg.inv(C) @ e\n",
    "beta = np.linalg.inv(C) @ r - b/a * np.linalg.inv(C) @ e\n",
    "\n",
    "weights_B = pd.DataFrame({'Asset': assets[0:8], 'Weight': optport(1)})\n",
    "print(\"\\nOptimal Weights for Period B:\")\n",
    "print(weights_B)\n"
   ]
  },
  {
   "cell_type": "code",
   "execution_count": 6,
   "id": "ce4f47c0",
   "metadata": {},
   "outputs": [
    {
     "name": "stdout",
     "output_type": "stream",
     "text": [
      "Our Risk Free optimal investment allocation is: \n",
      "Risk-free Asset (Cash): -54.6409\n",
      "Australian Listed Equity [G]: -11.5967\n",
      "Int'l Listed Equity (Hedged) [G]: 3.3638\n",
      "Int'l Listed Equity (Unhedged) [G]: 13.136\n",
      "Australian Listed Property [G]: 13.1498\n",
      "Int'l Listed Property [G]: -7.336\n",
      "Int'l Listed Infrastructure [G]: -0.0549\n",
      "Australian Fixed Income [D]: -27.9224\n",
      "Int'l Fixed Income (Hedged) [D]: 72.9014\n"
     ]
    }
   ],
   "source": [
    "# computing optimal portfolio\n",
    "r = mu_A[0:8]\n",
    "C = cov_A.iloc[:8, :8]\n",
    "e = np.ones(len(r))\n",
    "a = e @ np.linalg.inv(C) @ e\n",
    "b = r @ np.linalg.inv(C) @ e\n",
    "c = r @ np.linalg.inv(C) @ r\n",
    "d = a*c-b**2\n",
    "t = 1\n",
    "risk_free_rate = mu_A[-1]\n",
    "r_bar = r - e*risk_free_rate\n",
    "new_x = np.concatenate((np.array([1-t*e@np.linalg.inv(C)@r_bar]), t*np.linalg.inv(C)@r_bar))\n",
    "\n",
    "print(f'Our Risk Free optimal investment allocation is: ')\n",
    "\n",
    "print(f'Risk-free Asset (Cash): {round(new_x[0],4)}')\n",
    "for i in range(len(assets)-1):\n",
    "    print(f'{assets[i]}: {round(new_x[i+1],4)}')"
   ]
  },
  {
   "cell_type": "markdown",
   "id": "0aab0adc",
   "metadata": {},
   "source": [
    "# Question 4"
   ]
  },
  {
   "cell_type": "code",
   "execution_count": 34,
   "id": "87a0dddd",
   "metadata": {},
   "outputs": [
    {
     "name": "stdout",
     "output_type": "stream",
     "text": [
      "Optimal Weights for Period A (using scipy.optimize.minimize):\n",
      "                                Asset  Weight\n",
      "0        Australian Listed Equity [G]  0.1500\n",
      "1    Int'l Listed Equity (Hedged) [G]  0.1500\n",
      "2  Int'l Listed Equity (Unhedged) [G]  0.2925\n",
      "3      Australian Listed Property [G]  0.1575\n",
      "4           Int'l Listed Property [G]  0.0000\n",
      "5     Int'l Listed Infrastructure [G]  0.0000\n",
      "6         Australian Fixed Income [D]  0.0500\n",
      "7     Int'l Fixed Income (Hedged) [D]  0.1500\n",
      "8                            Cash [D]  0.0500\n",
      "Objective (Period A): -0.3170\n",
      "Expected Return (Period A): 0.3244\n",
      "Volatility (Period A): 0.1221\n",
      "\n",
      "Optimal Weights for Period B (using scipy.optimize.minimize):\n",
      "                                Asset  Weight\n",
      "0        Australian Listed Equity [G]    0.15\n",
      "1    Int'l Listed Equity (Hedged) [G]    0.15\n",
      "2  Int'l Listed Equity (Unhedged) [G]    0.00\n",
      "3      Australian Listed Property [G]    0.00\n",
      "4           Int'l Listed Property [G]    0.00\n",
      "5     Int'l Listed Infrastructure [G]    0.45\n",
      "6         Australian Fixed Income [D]    0.20\n",
      "7     Int'l Fixed Income (Hedged) [D]    0.00\n",
      "8                            Cash [D]    0.05\n",
      "Objective (Period B): -0.2182\n",
      "Expected Return (Period B): 0.2231\n",
      "Volatility (Period B): 0.0993\n"
     ]
    }
   ],
   "source": [
    "from scipy.optimize import minimize\n",
    "\n",
    "# Extract data for Period A\n",
    "mu_A = stats_A['Period A, Return 2 Year(s)']['Expected Returns']\n",
    "cov_A = stats_A['Period A, Return 2 Year(s)']['Covariance Matrix']\n",
    "\n",
    "# Extract data for Period B\n",
    "mu_B = stats_B['Period B, Return 2 Year(s)']['Expected Returns']\n",
    "cov_B = stats_B['Period B, Return 2 Year(s)']['Covariance Matrix']\n",
    "\n",
    "\n",
    "# Define the objective function\n",
    "def objective_function(w, mu, cov):\n",
    "    return -w.T @ mu + 0.5 * w.T @ cov @ w\n",
    "\n",
    "# Equality constraint: sum of weights equals 1\n",
    "def constraint_sum_weights(w):\n",
    "    return np.sum(w) - 1\n",
    "\n",
    "# Bounds for weights: w_i >= 0\n",
    "bounds = [(0, 1) for _ in range(len(mu_A))]\n",
    "\n",
    "# Constraints dictionary\n",
    "constraints = [\n",
    "        {'type': 'eq', 'fun': lambda w: np.sum(w) - 1},  # Sum of weights =1\n",
    "        {'type': 'ineq', 'fun': lambda w: w[0] - 0.15},  # Australian Listed Equity [G] >=15%\n",
    "        {'type': 'ineq', 'fun': lambda w: w[1] - 0.15},  # Int'l Listed Equity (Hedged) [G] >=15%\n",
    "        {'type': 'ineq', 'fun': lambda w: w[6] - 0.05},  # Australian Fixed Income [D] >=5%\n",
    "        {'type': 'ineq', 'fun': lambda w: w[8] - 0.05},  # Cash [D] >=5%\n",
    "        # Optional: Growth Assets between 65% and 75%\n",
    "        {'type': 'ineq', 'fun': lambda w: np.sum(w[0:6]) - 0.65},  # >=65%\n",
    "        {'type': 'ineq', 'fun': lambda w: 0.75 - np.sum(w[0:6])}   # <=75%\n",
    "    ]\n",
    "\n",
    "# Initial guess (equal weights)\n",
    "w0 = np.ones(len(mu_A)) / len(mu_A)\n",
    "\n",
    "def portfolio_statistics(w, mu, cov):\n",
    "    expected_return = w.T @ mu\n",
    "    variance = w.T @ cov @ w\n",
    "    volatility = np.sqrt(variance)\n",
    "    return expected_return, volatility\n",
    "\n",
    "# Optimize for Period A\n",
    "result_A = minimize(objective_function, w0, args=(mu_A, cov_A), method='SLSQP',\n",
    "                    bounds=bounds, constraints=constraints)\n",
    "\n",
    "# Display results for Period A\n",
    "if result_A.success:\n",
    "    w_opt_A = result_A.x\n",
    "    w_opt_A /= np.sum(w_opt_A)  # Normalize weights\n",
    "    expected_return_A, volatility_A = portfolio_statistics(w_opt_A, mu_A, cov_A)\n",
    "    weights_A = pd.DataFrame({'Asset': assets, 'Weight': w_opt_A})\n",
    "    print(\"Optimal Weights for Period A (using scipy.optimize.minimize):\")\n",
    "    print(np.round(weights_A, 4))\n",
    "    print(f\"Objective (Period A): {result_A.fun:.4f}\")\n",
    "    print(f\"Expected Return (Period A): {expected_return_A:.4f}\")\n",
    "    print(f\"Volatility (Period A): {volatility_A:.4f}\")\n",
    "else:\n",
    "    print(\"Optimization for Period A did not converge:\")\n",
    "    print(result_A.message)\n",
    "    \n",
    "result_B = minimize(objective_function, w0, args=(mu_B, cov_B), method='SLSQP',\n",
    "                    bounds=bounds, constraints=constraints)\n",
    "\n",
    "# Display results for Period B\n",
    "if result_B.success:\n",
    "    w_opt_B = result_B.x\n",
    "    w_opt_B /= np.sum(w_opt_B)  # Normalize weights\n",
    "    expected_return_B, volatility_B = portfolio_statistics(w_opt_B, mu_B, cov_B)\n",
    "    weights_B = pd.DataFrame({'Asset': assets, 'Weight': w_opt_B})\n",
    "    print(\"\\nOptimal Weights for Period B (using scipy.optimize.minimize):\")\n",
    "    print(np.round(weights_B, 4))\n",
    "    print(f\"Objective (Period B): {result_B.fun:.4f}\")    \n",
    "    print(f\"Expected Return (Period B): {expected_return_B:.4f}\")\n",
    "    print(f\"Volatility (Period B): {volatility_B:.4f}\" )"
   ]
  },
  {
   "cell_type": "code",
   "execution_count": 8,
   "id": "ce205cd1",
   "metadata": {},
   "outputs": [],
   "source": [
    "start_C = '2020-01-01'\n",
    "end_C = '2021-12-31'\n",
    "df_C = df[(df['DATE'] >= start_C) & (df['DATE'] <= end_C)]"
   ]
  },
  {
   "cell_type": "code",
   "execution_count": 9,
   "id": "193f2e8d",
   "metadata": {},
   "outputs": [
    {
     "name": "stdout",
     "output_type": "stream",
     "text": [
      "Realized Portfolio Return (2020-2021): 0.1525\n",
      "Expected Portfolio Return (from model): 0.2231\n"
     ]
    }
   ],
   "source": [
    "# Compute cumulative returns for each asset over the period\n",
    "df_returns = df_C[assets_columns] + 1\n",
    "cumulative_returns = df_returns.prod() - 1  # Compute product over all periods for each asset\n",
    "\n",
    "# Extract realized returns as a numpy array\n",
    "R_real = cumulative_returns.values\n",
    "\n",
    "# Compute realized portfolio return\n",
    "w_opt_B = result_B.x  # Optimal weights from Period B\n",
    "R_portfolio_real = np.dot(w_opt_B, R_real)\n",
    "\n",
    "# Compute expected portfolio return based on the model\n",
    "mu_B = stats_B['Period B, Return 2 Year(s)']['Expected Returns']\n",
    "E_R_portfolio = np.dot(w_opt_B, mu_B)\n",
    "\n",
    "# Display the results\n",
    "print(f\"Realized Portfolio Return (2020-2021): {R_portfolio_real:.4f}\")\n",
    "print(f\"Expected Portfolio Return (from model): {E_R_portfolio:.4f}\")"
   ]
  },
  {
   "cell_type": "code",
   "execution_count": 10,
   "id": "3a33cf0c",
   "metadata": {},
   "outputs": [
    {
     "name": "stdout",
     "output_type": "stream",
     "text": [
      "Realized Portfolio Return (2020-2021): 0.2218\n",
      "Expected Portfolio Return (from model): 0.3244\n"
     ]
    }
   ],
   "source": [
    "# Compute cumulative returns for each asset over the period\n",
    "df_returns = df_C[assets_columns] + 1\n",
    "cumulative_returns = df_returns.prod() - 1  # Compute product over all periods for each asset\n",
    "\n",
    "# Extract realized returns as a numpy array\n",
    "R_real = cumulative_returns.values\n",
    "\n",
    "# Compute realized portfolio return\n",
    "w_opt_A = result_A.x  # Optimal weights from Period B\n",
    "R_portfolio_real = np.dot(w_opt_A, R_real)\n",
    "\n",
    "# Compute expected portfolio return based on the model\n",
    "mu_B = stats_B['Period B, Return 2 Year(s)']['Expected Returns']\n",
    "E_R_portfolio = np.dot(w_opt_A, mu_A)\n",
    "\n",
    "# Display the results\n",
    "print(f\"Realized Portfolio Return (2020-2021): {R_portfolio_real:.4f}\")\n",
    "print(f\"Expected Portfolio Return (from model): {E_R_portfolio:.4f}\")"
   ]
  },
  {
   "cell_type": "code",
   "execution_count": 11,
   "id": "a88e2b01",
   "metadata": {},
   "outputs": [
    {
     "name": "stdout",
     "output_type": "stream",
     "text": [
      "Realized Portfolio Return (2020-2021): 0.0518\n",
      "Expected Portfolio Return (from model): 0.2231\n"
     ]
    }
   ],
   "source": [
    "start_C = '2021-01-01'\n",
    "end_C = '2022-12-31'\n",
    "df_C = df[(df['DATE'] >= start_C) & (df['DATE'] <= end_C)]\n",
    "# Compute cumulative returns for each asset over the period\n",
    "df_returns = df_C[assets_columns] + 1\n",
    "cumulative_returns = df_returns.prod() - 1  # Compute product over all periods for each asset\n",
    "\n",
    "# Extract realized returns as a numpy array\n",
    "R_real = cumulative_returns.values\n",
    "\n",
    "# Compute realized portfolio return\n",
    "w_opt_B = result_B.x  # Optimal weights from Period B\n",
    "R_portfolio_real = np.dot(w_opt_B, R_real)\n",
    "\n",
    "# Compute expected portfolio return based on the model\n",
    "mu_B = stats_B['Period B, Return 2 Year(s)']['Expected Returns']\n",
    "E_R_portfolio = np.dot(w_opt_B, mu_B)\n",
    "\n",
    "# Display the results\n",
    "print(f\"Realized Portfolio Return (2020-2021): {R_portfolio_real:.4f}\")\n",
    "print(f\"Expected Portfolio Return (from model): {E_R_portfolio:.4f}\")"
   ]
  },
  {
   "cell_type": "code",
   "execution_count": 12,
   "id": "c36d1870",
   "metadata": {
    "scrolled": false
   },
   "outputs": [
    {
     "data": {
